9.686274509803921573e-01 9.686274509803921573e-01 9.686274509803921573e-01 1.000000000000000000e+00
9.690888119953864344e-01 9.664744329104191234e-01 9.649365628604382739e-01 1.000000000000000000e+00
9.695501730103806004e-01 9.643214148404459785e-01 9.612456747404843904e-01 1.000000000000000000e+00
9.700115340253748775e-01 9.621683967704729445e-01 9.575547866205306180e-01 1.000000000000000000e+00
9.704728950403690435e-01 9.600153787004997996e-01 9.538638985005767346e-01 1.000000000000000000e+00
9.709342560553633206e-01 9.578623606305267657e-01 9.501730103806228511e-01 1.000000000000000000e+00
9.713956170703575976e-01 9.557093425605536208e-01 9.464821222606689677e-01 1.000000000000000000e+00
9.718569780853517637e-01 9.535563244905805869e-01 9.427912341407150842e-01 1.000000000000000000e+00
9.723183391003460407e-01 9.514033064206074419e-01 9.391003460207612008e-01 1.000000000000000000e+00
9.727797001153402068e-01 9.492502883506344080e-01 9.354094579008074284e-01 1.000000000000000000e+00
9.732410611303344838e-01 9.470972702806612631e-01 9.317185697808535449e-01 1.000000000000000000e+00
9.737024221453287609e-01 9.449442522106882292e-01 9.280276816608996615e-01 1.000000000000000000e+00
9.741637831603229269e-01 9.427912341407150842e-01 9.243367935409457781e-01 1.000000000000000000e+00
9.746251441753172040e-01 9.406382160707420503e-01 9.206459054209918946e-01 1.000000000000000000e+00
9.750865051903114811e-01 9.384851980007689054e-01 9.169550173010380112e-01 1.000000000000000000e+00
9.755478662053056471e-01 9.363321799307958715e-01 9.132641291810842388e-01 1.000000000000000000e+00
9.760092272202999242e-01 9.341791618608227266e-01 9.095732410611303553e-01 1.000000000000000000e+00
9.764705882352940902e-01 9.320261437908496926e-01 9.058823529411764719e-01 1.000000000000000000e+00
9.769319492502883673e-01 9.298731257208765477e-01 9.021914648212225885e-01 1.000000000000000000e+00
9.773933102652826443e-01 9.277201076509035138e-01 8.985005767012687050e-01 1.000000000000000000e+00
9.778546712802768104e-01 9.255670895809303689e-01 8.948096885813148216e-01 1.000000000000000000e+00
9.783160322952710874e-01 9.234140715109573350e-01 8.911188004613610492e-01 1.000000000000000000e+00
9.787773933102652535e-01 9.212610534409841900e-01 8.874279123414071657e-01 1.000000000000000000e+00
9.792387543252595306e-01 9.191080353710111561e-01 8.837370242214532823e-01 1.000000000000000000e+00
9.797001153402538076e-01 9.169550173010380112e-01 8.800461361014993988e-01 1.000000000000000000e+00
9.801614763552479737e-01 9.148019992310649773e-01 8.763552479815455154e-01 1.000000000000000000e+00
9.806228373702422507e-01 9.126489811610918323e-01 8.726643598615917430e-01 1.000000000000000000e+00
9.810841983852364168e-01 9.104959630911187984e-01 8.689734717416378595e-01 1.000000000000000000e+00
9.815455594002306938e-01 9.083429450211456535e-01 8.652825836216839761e-01 1.000000000000000000e+00
9.820069204152249709e-01 9.061899269511726196e-01 8.615916955017300927e-01 1.000000000000000000e+00
9.824682814302191369e-01 9.040369088811994747e-01 8.579008073817762092e-01 1.000000000000000000e+00
9.829296424452134140e-01 9.018838908112264408e-01 8.542099192618224368e-01 1.000000000000000000e+00
9.833910034602075800e-01 8.997308727412532958e-01 8.505190311418685534e-01 1.000000000000000000e+00
9.838523644752018571e-01 8.975778546712802619e-01 8.468281430219146699e-01 1.000000000000000000e+00
9.843137254901961342e-01 8.954248366013071170e-01 8.431372549019607865e-01 1.000000000000000000e+00
9.847750865051903002e-01 8.932718185313340831e-01 8.394463667820069031e-01 1.000000000000000000e+00
9.852364475201845773e-01 8.911188004613609381e-01 8.357554786620530196e-01 1.000000000000000000e+00
9.856978085351787433e-01 8.889657823913879042e-01 8.320645905420992472e-01 1.000000000000000000e+00
9.861591695501730204e-01 8.868127643214147593e-01 8.283737024221453638e-01 1.000000000000000000e+00
9.866205305651672974e-01 8.846597462514417254e-01 8.246828143021914803e-01 1.000000000000000000e+00
9.870818915801614635e-01 8.825067281814685805e-01 8.209919261822375969e-01 1.000000000000000000e+00
9.875432525951557405e-01 8.803537101114955465e-01 8.173010380622838245e-01 1.000000000000000000e+00
9.880046136101500176e-01 8.782006920415224016e-01 8.136101499423298300e-01 1.000000000000000000e+00
9.884659746251441836e-01 8.760476739715493677e-01 8.099192618223760576e-01 1.000000000000000000e+00
9.889273356401384607e-01 8.738946559015762228e-01 8.062283737024221741e-01 1.000000000000000000e+00
9.893886966551326267e-01 8.717416378316031889e-01 8.025374855824682907e-01 1.000000000000000000e+00
9.898500576701269038e-01 8.695886197616300439e-01 7.988465974625144073e-01 1.000000000000000000e+00
9.903114186851211809e-01 8.674356016916570100e-01 7.951557093425605238e-01 1.000000000000000000e+00
9.907727797001153469e-01 8.652825836216839761e-01 7.914648212226067514e-01 1.000000000000000000e+00
9.912341407151096240e-01 8.631295655517108312e-01 7.877739331026528680e-01 1.000000000000000000e+00
9.916955017301037900e-01 8.609765474817376862e-01 7.840830449826989845e-01 1.000000000000000000e+00
9.921568627450980671e-01 8.588235294117646523e-01 7.803921568627451011e-01 1.000000000000000000e+00
9.914648212226067070e-01 8.546712802768166028e-01 7.750865051903114145e-01 1.000000000000000000e+00
9.907727797001153469e-01 8.505190311418684423e-01 7.697808535178777278e-01 1.000000000000000000e+00
9.900807381776239868e-01 8.463667820069203929e-01 7.644752018454440412e-01 1.000000000000000000e+00
9.893886966551326267e-01 8.422145328719722324e-01 7.591695501730103546e-01 1.000000000000000000e+00
9.886966551326412667e-01 8.380622837370241829e-01 7.538638985005766679e-01 1.000000000000000000e+00
9.880046136101500176e-01 8.339100346020761334e-01 7.485582468281430923e-01 1.000000000000000000e+00
9.873125720876586575e-01 8.297577854671279729e-01 7.432525951557092947e-01 1.000000000000000000e+00
9.866205305651672974e-01 8.256055363321799234e-01 7.379469434832757191e-01 1.000000000000000000e+00
9.859284890426759373e-01 8.214532871972317629e-01 7.326412918108420325e-01 1.000000000000000000e+00
9.852364475201845773e-01 8.173010380622837134e-01 7.273356401384083458e-01 1.000000000000000000e+00
9.845444059976932172e-01 8.131487889273355529e-01 7.220299884659746592e-01 1.000000000000000000e+00
9.838523644752018571e-01 8.089965397923875035e-01 7.167243367935409726e-01 1.000000000000000000e+00
9.831603229527104970e-01 8.048442906574394540e-01 7.114186851211072860e-01 1.000000000000000000e+00
9.824682814302191369e-01 8.006920415224912935e-01 7.061130334486735993e-01 1.000000000000000000e+00
9.817762399077278879e-01 7.965397923875432440e-01 7.008073817762399127e-01 1.000000000000000000e+00
9.810841983852365278e-01 7.923875432525950835e-01 6.955017301038062261e-01 1.000000000000000000e+00
9.803921568627451677e-01 7.882352941176470340e-01 6.901960784313725394e-01 1.000000000000000000e+00
9.797001153402538076e-01 7.840830449826989845e-01 6.848904267589388528e-01 1.000000000000000000e+00
9.790080738177624475e-01 7.799307958477508240e-01 6.795847750865051662e-01 1.000000000000000000e+00
9.783160322952710874e-01 7.757785467128027745e-01 6.742791234140714796e-01 1.000000000000000000e+00
9.776239907727797274e-01 7.716262975778546140e-01 6.689734717416377929e-01 1.000000000000000000e+00
9.769319492502883673e-01 7.674740484429065646e-01 6.636678200692041063e-01 1.000000000000000000e+00
9.762399077277970072e-01 7.633217993079585151e-01 6.583621683967705307e-01 1.000000000000000000e+00
9.755478662053056471e-01 7.591695501730103546e-01 6.530565167243367330e-01 1.000000000000000000e+00
9.748558246828142870e-01 7.550173010380623051e-01 6.477508650519030464e-01 1.000000000000000000e+00
9.741637831603230380e-01 7.508650519031141446e-01 6.424452133794693598e-01 1.000000000000000000e+00
9.734717416378316779e-01 7.467128027681660951e-01 6.371395617070356732e-01 1.000000000000000000e+00
9.727797001153403178e-01 7.425605536332179346e-01 6.318339100346019865e-01 1.000000000000000000e+00
9.720876585928489577e-01 7.384083044982698851e-01 6.265282583621684109e-01 1.000000000000000000e+00
9.713956170703575976e-01 7.342560553633218356e-01 6.212226066897347243e-01 1.000000000000000000e+00
9.707035755478662375e-01 7.301038062283737862e-01 6.159169550173011487e-01 1.000000000000000000e+00
9.700115340253748775e-01 7.259515570934256257e-01 6.106113033448673511e-01 1.000000000000000000e+00
9.693194925028835174e-01 7.217993079584774652e-01 6.053056516724336644e-01 1.000000000000000000e+00
9.686274509803921573e-01 7.176470588235294157e-01 5.999999999999999778e-01 1.000000000000000000e+00
9.679354094579007972e-01 7.134948096885813662e-01 5.946943483275662912e-01 1.000000000000000000e+00
9.672433679354095482e-01 7.093425605536332057e-01 5.893886966551326045e-01 1.000000000000000000e+00
9.665513264129181881e-01 7.051903114186851562e-01 5.840830449826989179e-01 1.000000000000000000e+00
9.658592848904268280e-01 7.010380622837369957e-01 5.787773933102652313e-01 1.000000000000000000e+00
9.651672433679354679e-01 6.968858131487889462e-01 5.734717416378316557e-01 1.000000000000000000e+00
9.644752018454441078e-01 6.927335640138407857e-01 5.681660899653979691e-01 1.000000000000000000e+00
9.637831603229527477e-01 6.885813148788927363e-01 5.628604382929641714e-01 1.000000000000000000e+00
9.630911188004613877e-01 6.844290657439446868e-01 5.575547866205305958e-01 1.000000000000000000e+00
9.623990772779700276e-01 6.802768166089965263e-01 5.522491349480969092e-01 1.000000000000000000e+00
9.617070357554786675e-01 6.761245674740484768e-01 5.469434832756632225e-01 1.000000000000000000e+00
9.610149942329873074e-01 6.719723183391004273e-01 5.416378316032295359e-01 1.000000000000000000e+00
9.603229527104959473e-01 6.678200692041522668e-01 5.363321799307958493e-01 1.000000000000000000e+00
9.596309111880046983e-01 6.636678200692042173e-01 5.310265282583621627e-01 1.000000000000000000e+00
9.589388696655133382e-01 6.595155709342560568e-01 5.257208765859284760e-01 1.000000000000000000e+00
9.582468281430219781e-01 6.553633217993080073e-01 5.204152249134947894e-01 1.000000000000000000e+00
9.575547866205306180e-01 6.512110726643598468e-01 5.151095732410611028e-01 1.000000000000000000e+00
9.568627450980392579e-01 6.470588235294117974e-01 5.098039215686274161e-01 1.000000000000000000e+00
9.545559400230680946e-01 6.417531718569781107e-01 5.057285659361783203e-01 1.000000000000000000e+00
9.522491349480969314e-01 6.364475201845444241e-01 5.016532103037293355e-01 1.000000000000000000e+00
9.499423298731257681e-01 6.311418685121107375e-01 4.975778546712802397e-01 1.000000000000000000e+00
9.476355247981546048e-01 6.258362168396771619e-01 4.935024990388312549e-01 1.000000000000000000e+00
9.453287197231834416e-01 6.205305651672433642e-01 4.894271434063821591e-01 1.000000000000000000e+00
9.430219146482122783e-01 6.152249134948097886e-01 4.853517877739330633e-01 1.000000000000000000e+00
9.407151095732411150e-01 6.099192618223761020e-01 4.812764321414840230e-01 1.000000000000000000e+00
9.384083044982699517e-01 6.046136101499424154e-01 4.772010765090349826e-01 1.000000000000000000e+00
9.361014994232987885e-01 5.993079584775087287e-01 4.731257208765858868e-01 1.000000000000000000e+00
9.337946943483276252e-01 5.940023068050750421e-01 4.690503652441368465e-01 1.000000000000000000e+00
9.314878892733564619e-01 5.886966551326413555e-01 4.649750096116878062e-01 1.000000000000000000e+00
9.291810841983852987e-01 5.833910034602077799e-01 4.608996539792388214e-01 1.000000000000000000e+00
9.268742791234141354e-01 5.780853517877739822e-01 4.568242983467896701e-01 1.000000000000000000e+00
9.245674740484429721e-01 5.727797001153402956e-01 4.527489427143406298e-01 1.000000000000000000e+00
9.222606689734718088e-01 5.674740484429066090e-01 4.486735870818915894e-01 1.000000000000000000e+00
9.199538638985006456e-01 5.621683967704729223e-01 4.445982314494425491e-01 1.000000000000000000e+00
9.176470588235294823e-01 5.568627450980392357e-01 4.405228758169934533e-01 1.000000000000000000e+00
9.153402537485583190e-01 5.515570934256055491e-01 4.364475201845444130e-01 1.000000000000000000e+00
9.130334486735871558e-01 5.462514417531719735e-01 4.323721645520953727e-01 1.000000000000000000e+00
9.107266435986159925e-01 5.409457900807382869e-01 4.282968089196463879e-01 1.000000000000000000e+00
9.084198385236448292e-01 5.356401384083046002e-01 4.242214532871972366e-01 1.000000000000000000e+00
9.061130334486736659e-01 5.303344867358709136e-01 4.201460976547481962e-01 1.000000000000000000e+00
9.038062283737025027e-01 5.250288350634372270e-01 4.160707420222991559e-01 1.000000000000000000e+00
9.014994232987313394e-01 5.197231833910035403e-01 4.119953863898501156e-01 1.000000000000000000e+00
8.991926182237601761e-01 5.144175317185698537e-01 4.079200307574010198e-01 1.000000000000000000e+00
8.968858131487890128e-01 5.091118800461361671e-01 4.038446751249519795e-01 1.000000000000000000e+00
8.945790080738178496e-01 5.038062283737025915e-01 3.997693194925029392e-01 1.000000000000000000e+00
8.922722029988466863e-01 4.985005767012687938e-01 3.956939638600538434e-01 1.000000000000000000e+00
8.899653979238755230e-01 4.931949250288351627e-01 3.916186082276048031e-01 1.000000000000000000e+00
8.876585928489043598e-01 4.878892733564016426e-01 3.875432525951558738e-01 1.000000000000000000e+00
8.853517877739331965e-01 4.825836216839678450e-01 3.834678969627066669e-01 1.000000000000000000e+00
8.830449826989620332e-01 4.772779700115341583e-01 3.793925413302576266e-01 1.000000000000000000e+00
8.807381776239908699e-01 4.719723183391004717e-01 3.753171856978085863e-01 1.000000000000000000e+00
8.784313725490197067e-01 4.666666666666667851e-01 3.712418300653594905e-01 1.000000000000000000e+00
8.761245674740485434e-01 4.613610149942330985e-01 3.671664744329105057e-01 1.000000000000000000e+00
8.738177623990773801e-01 4.560553633217994118e-01 3.630911188004614099e-01 1.000000000000000000e+00
8.715109573241062169e-01 4.507497116493657252e-01 3.590157631680123140e-01 1.000000000000000000e+00
8.692041522491350536e-01 4.454440599769320386e-01 3.549404075355633292e-01 1.000000000000000000e+00
8.668973471741638903e-01 4.401384083044983520e-01 3.508650519031142334e-01 1.000000000000000000e+00
8.645905420991927270e-01 4.348327566320647208e-01 3.467896962706651931e-01 1.000000000000000000e+00
8.622837370242215638e-01 4.295271049596310342e-01 3.427143406382161528e-01 1.000000000000000000e+00
8.599769319492504005e-01 4.242214532871974031e-01 3.386389850057670570e-01 1.000000000000000000e+00
8.576701268742792372e-01 4.189158016147636610e-01 3.345636293733180167e-01 1.000000000000000000e+00
8.553633217993080740e-01 4.136101499423300298e-01 3.304882737408689763e-01 1.000000000000000000e+00
8.530565167243369107e-01 4.083044982698963432e-01 3.264129181084198805e-01 1.000000000000000000e+00
8.507497116493657474e-01 4.029988465974627676e-01 3.223375624759710067e-01 1.000000000000000000e+00
8.484429065743945841e-01 3.976931949250289700e-01 3.182622068435217999e-01 1.000000000000000000e+00
8.461361014994234209e-01 3.923875432525952833e-01 3.141868512110727596e-01 1.000000000000000000e+00
8.438292964244522576e-01 3.870818915801615967e-01 3.101114955786237193e-01 1.000000000000000000e+00
8.415224913494810943e-01 3.817762399077279656e-01 3.060361399461746235e-01 1.000000000000000000e+00
8.392156862745099311e-01 3.764705882352942790e-01 3.019607843137255832e-01 1.000000000000000000e+00
8.364475201845444907e-01 3.709342560553634538e-01 2.993464052287582167e-01 1.000000000000000000e+00
8.336793540945790504e-01 3.653979238754326841e-01 2.967320261437909057e-01 1.000000000000000000e+00
8.309111880046137211e-01 3.598615916955018590e-01 2.941176470588235947e-01 1.000000000000000000e+00
8.281430219146482807e-01 3.543252595155710893e-01 2.915032679738562837e-01 1.000000000000000000e+00
8.253748558246829514e-01 3.487889273356402642e-01 2.888888888888889173e-01 1.000000000000000000e+00
8.226066897347175111e-01 3.432525951557094945e-01 2.862745098039216063e-01 1.000000000000000000e+00
8.198385236447520708e-01 3.377162629757786694e-01 2.836601307189542953e-01 1.000000000000000000e+00
8.170703575547867414e-01 3.321799307958478997e-01 2.810457516339869843e-01 1.000000000000000000e+00
8.143021914648213011e-01 3.266435986159170746e-01 2.784313725490196734e-01 1.000000000000000000e+00
8.115340253748558608e-01 3.211072664359863049e-01 2.758169934640523069e-01 1.000000000000000000e+00
8.087658592848905315e-01 3.155709342560556463e-01 2.732026143790851069e-01 1.000000000000000000e+00
8.059976931949250911e-01 3.100346020761246546e-01 2.705882352941176849e-01 1.000000000000000000e+00
8.032295271049596508e-01 3.044982698961938850e-01 2.679738562091503740e-01 1.000000000000000000e+00
8.004613610149943215e-01 2.989619377162631153e-01 2.653594771241830630e-01 1.000000000000000000e+00
7.976931949250288811e-01 2.934256055363322901e-01 2.627450980392157520e-01 1.000000000000000000e+00
7.949250288350634408e-01 2.878892733564014650e-01 2.601307189542483855e-01 1.000000000000000000e+00
7.921568627450981115e-01 2.823529411764706953e-01 2.575163398692810746e-01 1.000000000000000000e+00
7.893886966551326712e-01 2.768166089965399257e-01 2.549019607843137636e-01 1.000000000000000000e+00
7.866205305651672308e-01 2.712802768166091005e-01 2.522875816993464526e-01 1.000000000000000000e+00
7.838523644752019015e-01 2.657439446366782754e-01 2.496732026143791139e-01 1.000000000000000000e+00
7.810841983852364612e-01 2.602076124567475057e-01 2.470588235294118029e-01 1.000000000000000000e+00
7.783160322952711319e-01 2.546712802768166806e-01 2.444444444444444642e-01 1.000000000000000000e+00
7.755478662053056915e-01 2.491349480968859109e-01 2.418300653594771532e-01 1.000000000000000000e+00
7.727797001153402512e-01 2.435986159169550858e-01 2.392156862745098422e-01 1.000000000000000000e+00
7.700115340253749219e-01 2.380622837370243161e-01 2.366013071895425313e-01 1.000000000000000000e+00
7.672433679354094815e-01 2.325259515570934910e-01 2.339869281045751925e-01 1.000000000000000000e+00
7.644752018454441522e-01 2.269896193771628323e-01 2.313725490196079371e-01 1.000000000000000000e+00
7.617070357554787119e-01 2.214532871972319239e-01 2.287581699346405428e-01 1.000000000000000000e+00
7.589388696655132716e-01 2.159169550173010987e-01 2.261437908496732319e-01 1.000000000000000000e+00
7.561707035755478312e-01 2.103806228373703013e-01 2.235294117647059209e-01 1.000000000000000000e+00
7.534025374855825019e-01 2.048442906574395317e-01 2.209150326797386099e-01 1.000000000000000000e+00
7.506343713956170616e-01 1.993079584775087065e-01 2.183006535947712712e-01 1.000000000000000000e+00
7.478662053056517323e-01 1.937716262975779091e-01 2.156862745098039325e-01 1.000000000000000000e+00
7.450980392156862919e-01 1.882352941176471117e-01 2.130718954248366215e-01 1.000000000000000000e+00
7.423298731257208516e-01 1.826989619377163143e-01 2.104575163398693105e-01 1.000000000000000000e+00
7.395617070357555223e-01 1.771626297577855169e-01 2.078431372549019995e-01 1.000000000000000000e+00
7.367935409457900819e-01 1.716262975778547195e-01 2.052287581699346608e-01 1.000000000000000000e+00
7.340253748558246416e-01 1.660899653979238944e-01 2.026143790849673221e-01 1.000000000000000000e+00
7.312572087658593123e-01 1.605536332179931247e-01 2.000000000000000111e-01 1.000000000000000000e+00
7.284890426758938720e-01 1.550173010380623273e-01 1.973856209150327001e-01 1.000000000000000000e+00
7.257208765859284316e-01 1.494809688581315021e-01 1.947712418300653892e-01 1.000000000000000000e+00
7.229527104959631023e-01 1.439446366782007325e-01 1.921568627450980782e-01 1.000000000000000000e+00
7.201845444059977730e-01 1.384083044982700739e-01 1.895424836601308227e-01 1.000000000000000000e+00
7.174163783160323327e-01 1.328719723183391099e-01 1.869281045751634007e-01 1.000000000000000000e+00
7.146482122260668923e-01 1.273356401384083125e-01 1.843137254901960898e-01 1.000000000000000000e+00
7.118800461361014520e-01 1.217993079584775429e-01 1.816993464052287788e-01 1.000000000000000000e+00
7.091118800461360117e-01 1.162629757785467177e-01 1.790849673202614678e-01 1.000000000000000000e+00
7.063437139561706823e-01 1.107266435986158926e-01 1.764705882352941291e-01 1.000000000000000000e+00
7.035755478662052420e-01 1.051903114186851229e-01 1.738562091503267903e-01 1.000000000000000000e+00
7.008073817762399127e-01 9.965397923875435326e-02 1.712418300653595071e-01 1.000000000000000000e+00
6.980392156862744724e-01 9.411764705882352811e-02 1.686274509803921684e-01 1.000000000000000000e+00
6.922722029988465087e-01 9.227220299884660026e-02 1.677047289504036975e-01 1.000000000000000000e+00
6.865051903114186560e-01 9.042675893886965854e-02 1.667820069204152267e-01 1.000000000000000000e+00
6.807381776239906923e-01 8.858131487889273070e-02 1.658592848904267836e-01 1.000000000000000000e+00
6.749711649365628396e-01 8.673587081891580286e-02 1.649365628604383127e-01 1.000000000000000000e+00
6.692041522491348760e-01 8.489042675893887502e-02 1.640138408304498419e-01 1.000000000000000000e+00
6.634371395617070233e-01 8.304498269896193330e-02 1.630911188004613710e-01 1.000000000000000000e+00
6.576701268742790596e-01 8.119953863898500546e-02 1.621683967704729001e-01 1.000000000000000000e+00
6.519031141868513179e-01 7.935409457900811925e-02 1.612456747404844570e-01 1.000000000000000000e+00
6.461361014994232432e-01 7.750865051903113589e-02 1.603229527104959584e-01 1.000000000000000000e+00
6.403690888119953906e-01 7.566320645905420805e-02 1.594002306805075153e-01 1.000000000000000000e+00
6.346020761245674269e-01 7.381776239907728021e-02 1.584775086505190445e-01 1.000000000000000000e+00
6.288350634371395742e-01 7.197231833910033849e-02 1.575547866205305736e-01 1.000000000000000000e+00
6.230680507497116105e-01 7.012687427912341065e-02 1.566320645905421027e-01 1.000000000000000000e+00
6.173010380622836468e-01 6.828143021914648281e-02 1.557093425605536319e-01 1.000000000000000000e+00
6.115340253748557942e-01 6.643598615916954109e-02 1.547866205305651888e-01 1.000000000000000000e+00
6.057670126874279415e-01 6.459054209919261325e-02 1.538638985005767179e-01 1.000000000000000000e+00
5.999999999999999778e-01 6.274509803921568540e-02 1.529411764705882470e-01 1.000000000000000000e+00
5.942329873125720141e-01 6.089965397923875062e-02 1.520184544405997762e-01 1.000000000000000000e+00
5.884659746251441614e-01 5.905420991926182278e-02 1.510957324106113053e-01 1.000000000000000000e+00
5.826989619377161977e-01 5.720876585928488800e-02 1.501730103806228345e-01 1.000000000000000000e+00
5.769319492502883451e-01 5.536332179930796016e-02 1.492502883506343636e-01 1.000000000000000000e+00
5.711649365628603814e-01 5.351787773933102538e-02 1.483275663206459205e-01 1.000000000000000000e+00
5.653979238754325287e-01 5.167243367935409060e-02 1.474048442906574496e-01 1.000000000000000000e+00
5.596309111880047871e-01 4.982698961937721827e-02 1.464821222606690065e-01 1.000000000000000000e+00
5.538638985005767124e-01 4.798154555940023491e-02 1.455594002306805079e-01 1.000000000000000000e+00
5.480968858131487487e-01 4.613610149942330013e-02 1.446366782006920371e-01 1.000000000000000000e+00
5.423298731257208960e-01 4.429065743944636535e-02 1.437139561707035940e-01 1.000000000000000000e+00
5.365628604382929323e-01 4.244521337946943057e-02 1.427912341407151231e-01 1.000000000000000000e+00
5.307958477508650796e-01 4.059976931949250273e-02 1.418685121107266522e-01 1.000000000000000000e+00
5.250288350634371159e-01 3.875432525951556795e-02 1.409457900807381814e-01 1.000000000000000000e+00
5.192618223760092633e-01 3.690888119953864011e-02 1.400230680507497105e-01 1.000000000000000000e+00
5.134948096885812996e-01 3.506343713956170532e-02 1.391003460207612397e-01 1.000000000000000000e+00
5.077277970011533359e-01 3.321799307958477054e-02 1.381776239907727688e-01 1.000000000000000000e+00
5.019607843137254832e-01 3.137254901960784270e-02 1.372549019607843257e-01 1.000000000000000000e+00
4.961937716262975751e-01 2.952710495963091486e-02 1.363321799307958548e-01 1.000000000000000000e+00
4.904267589388696669e-01 2.768166089965397314e-02 1.354094579008073840e-01 1.000000000000000000e+00
4.846597462514417587e-01 2.583621683967704530e-02 1.344867358708189131e-01 1.000000000000000000e+00
4.788927335640138505e-01 2.399077277970011746e-02 1.335640138408304423e-01 1.000000000000000000e+00
4.731257208765859423e-01 2.214532871972318961e-02 1.326412918108419992e-01 1.000000000000000000e+00
4.673587081891581452e-01 2.029988465974630341e-02 1.317185697808535561e-01 1.000000000000000000e+00
4.615916955017300705e-01 1.845444059976932005e-02 1.307958477508650574e-01 1.000000000000000000e+00
4.558246828143022178e-01 1.660899653979239221e-02 1.298731257208765866e-01 1.000000000000000000e+00
4.500576701268742541e-01 1.476355247981545049e-02 1.289504036908881157e-01 1.000000000000000000e+00
4.442906574394463459e-01 1.291810841983852265e-02 1.280276816608996449e-01 1.000000000000000000e+00
4.385236447520184377e-01 1.107266435986159481e-02 1.271049596309111740e-01 1.000000000000000000e+00
4.327566320645905296e-01 9.227220299884653087e-03 1.261822376009227309e-01 1.000000000000000000e+00
4.269896193771626769e-01 7.381776239907739123e-03 1.252595155709342600e-01 1.000000000000000000e+00
4.212226066897347132e-01 5.536332179930797404e-03 1.243367935409457892e-01 1.000000000000000000e+00
4.154555940023068050e-01 3.690888119953855684e-03 1.234140715109573183e-01 1.000000000000000000e+00
4.096885813148788968e-01 1.845444059976941720e-03 1.224913494809688613e-01 1.000000000000000000e+00
4.039215686274509887e-01 0.000000000000000000e+00 1.215686274509803905e-01 1.000000000000000000e+00
