9.686274509803921573e-01 9.686274509803921573e-01 9.686274509803921573e-01 1.000000000000000000e+00
9.657054978854286986e-01 9.672433679354094371e-01 9.680891964628989266e-01 1.000000000000000000e+00
9.627835447904652399e-01 9.658592848904267170e-01 9.675509419454055848e-01 1.000000000000000000e+00
9.598615916955017813e-01 9.644752018454441078e-01 9.670126874279123541e-01 1.000000000000000000e+00
9.569396386005382116e-01 9.630911188004613877e-01 9.664744329104191234e-01 1.000000000000000000e+00
9.540176855055747529e-01 9.617070357554786675e-01 9.659361783929257816e-01 1.000000000000000000e+00
9.510957324106112942e-01 9.603229527104959473e-01 9.653979238754325509e-01 1.000000000000000000e+00
9.481737793156478356e-01 9.589388696655132271e-01 9.648596693579392092e-01 1.000000000000000000e+00
9.452518262206843769e-01 9.575547866205306180e-01 9.643214148404459785e-01 1.000000000000000000e+00
9.423298731257209182e-01 9.561707035755478978e-01 9.637831603229527477e-01 1.000000000000000000e+00
9.394079200307573485e-01 9.547866205305651777e-01 9.632449058054594060e-01 1.000000000000000000e+00
9.364859669357938898e-01 9.534025374855824575e-01 9.627066512879661753e-01 1.000000000000000000e+00
9.335640138408304312e-01 9.520184544405997373e-01 9.621683967704729445e-01 1.000000000000000000e+00
9.306420607458669725e-01 9.506343713956171282e-01 9.616301422529796028e-01 1.000000000000000000e+00
9.277201076509035138e-01 9.492502883506344080e-01 9.610918877354863721e-01 1.000000000000000000e+00
9.247981545559400551e-01 9.478662053056516879e-01 9.605536332179930303e-01 1.000000000000000000e+00
9.218762014609764854e-01 9.464821222606689677e-01 9.600153787004997996e-01 1.000000000000000000e+00
9.189542483660130268e-01 9.450980392156862475e-01 9.594771241830065689e-01 1.000000000000000000e+00
9.160322952710495681e-01 9.437139561707035273e-01 9.589388696655132271e-01 1.000000000000000000e+00
9.131103421760861094e-01 9.423298731257209182e-01 9.584006151480199964e-01 1.000000000000000000e+00
9.101883890811226507e-01 9.409457900807381980e-01 9.578623606305267657e-01 1.000000000000000000e+00
9.072664359861591921e-01 9.395617070357554779e-01 9.573241061130334240e-01 1.000000000000000000e+00
9.043444828911957334e-01 9.381776239907727577e-01 9.567858515955401932e-01 1.000000000000000000e+00
9.014225297962321637e-01 9.367935409457901486e-01 9.562475970780468515e-01 1.000000000000000000e+00
8.985005767012687050e-01 9.354094579008074284e-01 9.557093425605536208e-01 1.000000000000000000e+00
8.955786236063052463e-01 9.340253748558247082e-01 9.551710880430603900e-01 1.000000000000000000e+00
8.926566705113417877e-01 9.326412918108419881e-01 9.546328335255670483e-01 1.000000000000000000e+00
8.897347174163783290e-01 9.312572087658592679e-01 9.540945790080738176e-01 1.000000000000000000e+00
8.868127643214147593e-01 9.298731257208765477e-01 9.535563244905805869e-01 1.000000000000000000e+00
8.838908112264514116e-01 9.284890426758939386e-01 9.530180699730872451e-01 1.000000000000000000e+00
8.809688581314878419e-01 9.271049596309112184e-01 9.524798154555940144e-01 1.000000000000000000e+00
8.780469050365243833e-01 9.257208765859284982e-01 9.519415609381006727e-01 1.000000000000000000e+00
8.751249519415609246e-01 9.243367935409457781e-01 9.514033064206074419e-01 1.000000000000000000e+00
8.722029988465974659e-01 9.229527104959631689e-01 9.508650519031142112e-01 1.000000000000000000e+00
8.692810457516340072e-01 9.215686274509804488e-01 9.503267973856208695e-01 1.000000000000000000e+00
8.663590926566704375e-01 9.201845444059977286e-01 9.497885428681276387e-01 1.000000000000000000e+00
8.634371395617069789e-01 9.188004613610150084e-01 9.492502883506344080e-01 1.000000000000000000e+00
8.605151864667435202e-01 9.174163783160322883e-01 9.487120338331410663e-01 1.000000000000000000e+00
8.575932333717800615e-01 9.160322952710495681e-01 9.481737793156478356e-01 1.000000000000000000e+00
8.546712802768166028e-01 9.146482122260669589e-01 9.476355247981544938e-01 1.000000000000000000e+00
8.517493271818531442e-01 9.132641291810842388e-01 9.470972702806612631e-01 1.000000000000000000e+00
8.488273740868896855e-01 9.118800461361015186e-01 9.465590157631680324e-01 1.000000000000000000e+00
8.459054209919261158e-01 9.104959630911187984e-01 9.460207612456746906e-01 1.000000000000000000e+00
8.429834678969626571e-01 9.091118800461360783e-01 9.454825067281814599e-01 1.000000000000000000e+00
8.400615148019991985e-01 9.077277970011534691e-01 9.449442522106882292e-01 1.000000000000000000e+00
8.371395617070357398e-01 9.063437139561707490e-01 9.444059976931948874e-01 1.000000000000000000e+00
8.342176086120722811e-01 9.049596309111880288e-01 9.438677431757016567e-01 1.000000000000000000e+00
8.312956555171088224e-01 9.035755478662053086e-01 9.433294886582084260e-01 1.000000000000000000e+00
8.283737024221453638e-01 9.021914648212225885e-01 9.427912341407150842e-01 1.000000000000000000e+00
8.254517493271817941e-01 9.008073817762399793e-01 9.422529796232218535e-01 1.000000000000000000e+00
8.225297962322183354e-01 8.994232987312572591e-01 9.417147251057285118e-01 1.000000000000000000e+00
8.196078431372548767e-01 8.980392156862745390e-01 9.411764705882352811e-01 1.000000000000000000e+00
8.147635524798154671e-01 8.955786236063052463e-01 9.397923875432525609e-01 1.000000000000000000e+00
8.099192618223760576e-01 8.931180315263360647e-01 9.384083044982698407e-01 1.000000000000000000e+00
8.050749711649365370e-01 8.906574394463667721e-01 9.370242214532872316e-01 1.000000000000000000e+00
8.002306805074971274e-01 8.881968473663975905e-01 9.356401384083045114e-01 1.000000000000000000e+00
7.953863898500576068e-01 8.857362552864282979e-01 9.342560553633217912e-01 1.000000000000000000e+00
7.905420991926181973e-01 8.832756632064591162e-01 9.328719723183390711e-01 1.000000000000000000e+00
7.856978085351787877e-01 8.808150711264898236e-01 9.314878892733563509e-01 1.000000000000000000e+00
7.808535178777392671e-01 8.783544790465206420e-01 9.301038062283737418e-01 1.000000000000000000e+00
7.760092272202998576e-01 8.758938869665513494e-01 9.287197231833910216e-01 1.000000000000000000e+00
7.711649365628604480e-01 8.734332948865821677e-01 9.273356401384083014e-01 1.000000000000000000e+00
7.663206459054209274e-01 8.709727028066128751e-01 9.259515570934255813e-01 1.000000000000000000e+00
7.614763552479815178e-01 8.685121107266435825e-01 9.245674740484428611e-01 1.000000000000000000e+00
7.566320645905421083e-01 8.660515186466744009e-01 9.231833910034602519e-01 1.000000000000000000e+00
7.517877739331025877e-01 8.635909265667051082e-01 9.217993079584775318e-01 1.000000000000000000e+00
7.469434832756632892e-01 8.611303344867359266e-01 9.204152249134948116e-01 1.000000000000000000e+00
7.420991926182237686e-01 8.586697424067666340e-01 9.190311418685120914e-01 1.000000000000000000e+00
7.372549019607842480e-01 8.562091503267974524e-01 9.176470588235293713e-01 1.000000000000000000e+00
7.324106113033448384e-01 8.537485582468281597e-01 9.162629757785467621e-01 1.000000000000000000e+00
7.275663206459054289e-01 8.512879661668589781e-01 9.148788927335640420e-01 1.000000000000000000e+00
7.227220299884659083e-01 8.488273740868896855e-01 9.134948096885813218e-01 1.000000000000000000e+00
7.178777393310264987e-01 8.463667820069205039e-01 9.121107266435986016e-01 1.000000000000000000e+00
7.130334486735870891e-01 8.439061899269512113e-01 9.107266435986158815e-01 1.000000000000000000e+00
7.081891580161476796e-01 8.414455978469820296e-01 9.093425605536332723e-01 1.000000000000000000e+00
7.033448673587081590e-01 8.389850057670127370e-01 9.079584775086505521e-01 1.000000000000000000e+00
6.985005767012687494e-01 8.365244136870434444e-01 9.065743944636678320e-01 1.000000000000000000e+00
6.936562860438293399e-01 8.340638216070742628e-01 9.051903114186851118e-01 1.000000000000000000e+00
6.888119953863898193e-01 8.316032295271049701e-01 9.038062283737023916e-01 1.000000000000000000e+00
6.839677047289502987e-01 8.291426374471357885e-01 9.024221453287196715e-01 1.000000000000000000e+00
6.791234140715110001e-01 8.266820453671664959e-01 9.010380622837370623e-01 1.000000000000000000e+00
6.742791234140714796e-01 8.242214532871972033e-01 8.996539792387543422e-01 1.000000000000000000e+00
6.694348327566320700e-01 8.217608612072280216e-01 8.982698961937716220e-01 1.000000000000000000e+00
6.645905420991925494e-01 8.193002691272588400e-01 8.968858131487889018e-01 1.000000000000000000e+00
6.597462514417531398e-01 8.168396770472895474e-01 8.955017301038061817e-01 1.000000000000000000e+00
6.549019607843137303e-01 8.143790849673202548e-01 8.941176470588235725e-01 1.000000000000000000e+00
6.500576701268742097e-01 8.119184928873510732e-01 8.927335640138408523e-01 1.000000000000000000e+00
6.452133794694348001e-01 8.094579008073817805e-01 8.913494809688581322e-01 1.000000000000000000e+00
6.403690888119953906e-01 8.069973087274125989e-01 8.899653979238754120e-01 1.000000000000000000e+00
6.355247981545558700e-01 8.045367166474433063e-01 8.885813148788926918e-01 1.000000000000000000e+00
6.306805074971164604e-01 8.020761245674741247e-01 8.871972318339100827e-01 1.000000000000000000e+00
6.258362168396770508e-01 7.996155324875048320e-01 8.858131487889273625e-01 1.000000000000000000e+00
6.209919261822375303e-01 7.971549404075355394e-01 8.844290657439446424e-01 1.000000000000000000e+00
6.161476355247981207e-01 7.946943483275663578e-01 8.830449826989619222e-01 1.000000000000000000e+00
6.113033448673587111e-01 7.922337562475970651e-01 8.816608996539792020e-01 1.000000000000000000e+00
6.064590542099191905e-01 7.897731641676278835e-01 8.802768166089965929e-01 1.000000000000000000e+00
6.016147635524797810e-01 7.873125720876585909e-01 8.788927335640138727e-01 1.000000000000000000e+00
5.967704728950403714e-01 7.848519800076894093e-01 8.775086505190311525e-01 1.000000000000000000e+00
5.919261822376009619e-01 7.823913879277202277e-01 8.761245674740484324e-01 1.000000000000000000e+00
5.870818915801614413e-01 7.799307958477509350e-01 8.747404844290657122e-01 1.000000000000000000e+00
5.822376009227219207e-01 7.774702037677816424e-01 8.733564013840831031e-01 1.000000000000000000e+00
5.773933102652826221e-01 7.750096116878124608e-01 8.719723183391003829e-01 1.000000000000000000e+00
5.725490196078431016e-01 7.725490196078431682e-01 8.705882352941176627e-01 1.000000000000000000e+00
5.664744329104189902e-01 7.687043444828912664e-01 8.685121107266435825e-01 1.000000000000000000e+00
5.603998462129949898e-01 7.648596693579392536e-01 8.664359861591696133e-01 1.000000000000000000e+00
5.543252595155708784e-01 7.610149942329873518e-01 8.643598615916955330e-01 1.000000000000000000e+00
5.482506728181468780e-01 7.571703191080354500e-01 8.622837370242214527e-01 1.000000000000000000e+00
5.421760861207227666e-01 7.533256439830834372e-01 8.602076124567473725e-01 1.000000000000000000e+00
5.361014994232987663e-01 7.494809688581315354e-01 8.581314878892734033e-01 1.000000000000000000e+00
5.300269127258746549e-01 7.456362937331796337e-01 8.560553633217993230e-01 1.000000000000000000e+00
5.239523260284505435e-01 7.417916186082276209e-01 8.539792387543252428e-01 1.000000000000000000e+00
5.178777393310265431e-01 7.379469434832757191e-01 8.519031141868512735e-01 1.000000000000000000e+00
5.118031526336024317e-01 7.341022683583238173e-01 8.498269896193771933e-01 1.000000000000000000e+00
5.057285659361784314e-01 7.302575932333718045e-01 8.477508650519031130e-01 1.000000000000000000e+00
4.996539792387544310e-01 7.264129181084199027e-01 8.456747404844291438e-01 1.000000000000000000e+00
4.935793925413302641e-01 7.225682429834678899e-01 8.435986159169550636e-01 1.000000000000000000e+00
4.875048058439062082e-01 7.187235678585159881e-01 8.415224913494809833e-01 1.000000000000000000e+00
4.814302191464821523e-01 7.148788927335640864e-01 8.394463667820069031e-01 1.000000000000000000e+00
4.753556324490580964e-01 7.110342176086120736e-01 8.373702422145329338e-01 1.000000000000000000e+00
4.692810457516340406e-01 7.071895424836601718e-01 8.352941176470588536e-01 1.000000000000000000e+00
4.632064590542099847e-01 7.033448673587082700e-01 8.332179930795847733e-01 1.000000000000000000e+00
4.571318723567858733e-01 6.995001922337562572e-01 8.311418685121106931e-01 1.000000000000000000e+00
4.510572856593619284e-01 6.956555171088043554e-01 8.290657439446367238e-01 1.000000000000000000e+00
4.449826989619377615e-01 6.918108419838524537e-01 8.269896193771626436e-01 1.000000000000000000e+00
4.389081122645137056e-01 6.879661668589004409e-01 8.249134948096885633e-01 1.000000000000000000e+00
4.328335255670896498e-01 6.841214917339485391e-01 8.228373702422145941e-01 1.000000000000000000e+00
4.267589388696655939e-01 6.802768166089965263e-01 8.207612456747405139e-01 1.000000000000000000e+00
4.206843521722415380e-01 6.764321414840446245e-01 8.186851211072664336e-01 1.000000000000000000e+00
4.146097654748174266e-01 6.725874663590927227e-01 8.166089965397923534e-01 1.000000000000000000e+00
4.085351787773934262e-01 6.687427912341408209e-01 8.145328719723183841e-01 1.000000000000000000e+00
4.024605920799693148e-01 6.648981161091888081e-01 8.124567474048443039e-01 1.000000000000000000e+00
3.963860053825453145e-01 6.610534409842369064e-01 8.103806228373702236e-01 1.000000000000000000e+00
3.903114186851213696e-01 6.572087658592850046e-01 8.083044982698962544e-01 1.000000000000000000e+00
3.842368319876971472e-01 6.533640907343329918e-01 8.062283737024221741e-01 1.000000000000000000e+00
3.781622452902730913e-01 6.495194156093810900e-01 8.041522491349480939e-01 1.000000000000000000e+00
3.720876585928490354e-01 6.456747404844291882e-01 8.020761245674741247e-01 1.000000000000000000e+00
3.660130718954249796e-01 6.418300653594771754e-01 8.000000000000000444e-01 1.000000000000000000e+00
3.599384851980008682e-01 6.379853902345251626e-01 7.979238754325259642e-01 1.000000000000000000e+00
3.538638985005768123e-01 6.341407151095732608e-01 7.958477508650518839e-01 1.000000000000000000e+00
3.477893118031527564e-01 6.302960399846213591e-01 7.937716262975778037e-01 1.000000000000000000e+00
3.417147251057287005e-01 6.264513648596694573e-01 7.916955017301038344e-01 1.000000000000000000e+00
3.356401384083046446e-01 6.226066897347174445e-01 7.896193771626297542e-01 1.000000000000000000e+00
3.295655517108805332e-01 6.187620146097655427e-01 7.875432525951556739e-01 1.000000000000000000e+00
3.234909650134565329e-01 6.149173394848135299e-01 7.854671280276817047e-01 1.000000000000000000e+00
3.174163783160324215e-01 6.110726643598616281e-01 7.833910034602076244e-01 1.000000000000000000e+00
3.113417916186083656e-01 6.072279892349097263e-01 7.813148788927335442e-01 1.000000000000000000e+00
3.052672049211843097e-01 6.033833141099578246e-01 7.792387543252595750e-01 1.000000000000000000e+00
2.991926182237602538e-01 5.995386389850058118e-01 7.771626297577854947e-01 1.000000000000000000e+00
2.931180315263363645e-01 5.956939638600540210e-01 7.750865051903115255e-01 1.000000000000000000e+00
2.870434448289121421e-01 5.918492887351018972e-01 7.730103806228373342e-01 1.000000000000000000e+00
2.809688581314880862e-01 5.880046136101499954e-01 7.709342560553633650e-01 1.000000000000000000e+00
2.748942714340639748e-01 5.841599384851980936e-01 7.688581314878892847e-01 1.000000000000000000e+00
2.688196847366399744e-01 5.803152633602461918e-01 7.667820069204152045e-01 1.000000000000000000e+00
2.627450980392158630e-01 5.764705882352941790e-01 7.647058823529411242e-01 1.000000000000000000e+00
2.601307189542484410e-01 5.730103806228373786e-01 7.629373317954633027e-01 1.000000000000000000e+00
2.575163398692811301e-01 5.695501730103806892e-01 7.611687812379853701e-01 1.000000000000000000e+00
2.549019607843138191e-01 5.660899653979238888e-01 7.594002306805075486e-01 1.000000000000000000e+00
2.522875816993465081e-01 5.626297577854671994e-01 7.576316801230296161e-01 1.000000000000000000e+00
2.496732026143791694e-01 5.591695501730103990e-01 7.558631295655516835e-01 1.000000000000000000e+00
2.470588235294118307e-01 5.557093425605537096e-01 7.540945790080738620e-01 1.000000000000000000e+00
2.444444444444445197e-01 5.522491349480969092e-01 7.523260284505959294e-01 1.000000000000000000e+00
2.418300653594772087e-01 5.487889273356402198e-01 7.505574778931179969e-01 1.000000000000000000e+00
2.392156862745098700e-01 5.453287197231834194e-01 7.487889273356401754e-01 1.000000000000000000e+00
2.366013071895425590e-01 5.418685121107267300e-01 7.470203767781622428e-01 1.000000000000000000e+00
2.339869281045753036e-01 5.384083044982700406e-01 7.452518262206844213e-01 1.000000000000000000e+00
2.313725490196079093e-01 5.349480968858132401e-01 7.434832756632064887e-01 1.000000000000000000e+00
2.287581699346405983e-01 5.314878892733564397e-01 7.417147251057285562e-01 1.000000000000000000e+00
2.261437908496732596e-01 5.280276816608997503e-01 7.399461745482507347e-01 1.000000000000000000e+00
2.235294117647059486e-01 5.245674740484429499e-01 7.381776239907728021e-01 1.000000000000000000e+00
2.209150326797386099e-01 5.211072664359861495e-01 7.364090734332948696e-01 1.000000000000000000e+00
2.183006535947712989e-01 5.176470588235294601e-01 7.346405228758170480e-01 1.000000000000000000e+00
2.156862745098039880e-01 5.141868512110726597e-01 7.328719723183391155e-01 1.000000000000000000e+00
2.130718954248366492e-01 5.107266435986159703e-01 7.311034217608611829e-01 1.000000000000000000e+00
2.104575163398693383e-01 5.072664359861591699e-01 7.293348712033833614e-01 1.000000000000000000e+00
2.078431372549020273e-01 5.038062283737024805e-01 7.275663206459054289e-01 1.000000000000000000e+00
2.052287581699346886e-01 5.003460207612456800e-01 7.257977700884274963e-01 1.000000000000000000e+00
2.026143790849673776e-01 4.968858131487889906e-01 7.240292195309496748e-01 1.000000000000000000e+00
2.000000000000000666e-01 4.934256055363321902e-01 7.222606689734717422e-01 1.000000000000000000e+00
1.973856209150327279e-01 4.899653979238755008e-01 7.204921184159939207e-01 1.000000000000000000e+00
1.947712418300653892e-01 4.865051903114187004e-01 7.187235678585159881e-01 1.000000000000000000e+00
1.921568627450981337e-01 4.830449826989620665e-01 7.169550173010381666e-01 1.000000000000000000e+00
1.895424836601307672e-01 4.795847750865052106e-01 7.151864667435602341e-01 1.000000000000000000e+00
1.869281045751634562e-01 4.761245674740484657e-01 7.134179161860823015e-01 1.000000000000000000e+00
1.843137254901961175e-01 4.726643598615917208e-01 7.116493656286043690e-01 1.000000000000000000e+00
1.816993464052288065e-01 4.692041522491349759e-01 7.098808150711265474e-01 1.000000000000000000e+00
1.790849673202614678e-01 4.657439446366782310e-01 7.081122645136486149e-01 1.000000000000000000e+00
1.764705882352941568e-01 4.622837370242214861e-01 7.063437139561706823e-01 1.000000000000000000e+00
1.738562091503268459e-01 4.588235294117647411e-01 7.045751633986928608e-01 1.000000000000000000e+00
1.712418300653595349e-01 4.553633217993079962e-01 7.028066128412149283e-01 1.000000000000000000e+00
1.686274509803921962e-01 4.519031141868512513e-01 7.010380622837371067e-01 1.000000000000000000e+00
1.660130718954248574e-01 4.484429065743944509e-01 6.992695117262591742e-01 1.000000000000000000e+00
1.633986928104575465e-01 4.449826989619377615e-01 6.975009611687812416e-01 1.000000000000000000e+00
1.607843137254902355e-01 4.415224913494810166e-01 6.957324106113034201e-01 1.000000000000000000e+00
1.581699346405229245e-01 4.380622837370242717e-01 6.939638600538254876e-01 1.000000000000000000e+00
1.555555555555555580e-01 4.346020761245674713e-01 6.921953094963475550e-01 1.000000000000000000e+00
1.529411764705882470e-01 4.311418685121107819e-01 6.904267589388697335e-01 1.000000000000000000e+00
1.503267973856210193e-01 4.276816608996540925e-01 6.886582083813919120e-01 1.000000000000000000e+00
1.477124183006536251e-01 4.242214532871972921e-01 6.868896578239138684e-01 1.000000000000000000e+00
1.450980392156862864e-01 4.207612456747404917e-01 6.851211072664360469e-01 1.000000000000000000e+00
1.424836601307189754e-01 4.173010380622838023e-01 6.833525567089581143e-01 1.000000000000000000e+00
1.398692810457516367e-01 4.138408304498270018e-01 6.815840061514801818e-01 1.000000000000000000e+00
1.372549019607843257e-01 4.103806228373702569e-01 6.798154555940023602e-01 1.000000000000000000e+00
1.346405228758170147e-01 4.069204152249135120e-01 6.780469050365244277e-01 1.000000000000000000e+00
1.320261437908497038e-01 4.034602076124567671e-01 6.762783544790466062e-01 1.000000000000000000e+00
1.294117647058823650e-01 4.000000000000000222e-01 6.745098039215686736e-01 1.000000000000000000e+00
1.272587466359092756e-01 3.958477508650519172e-01 6.687427912341407099e-01 1.000000000000000000e+00
1.251057285659361862e-01 3.916955017301038122e-01 6.629757785467128572e-01 1.000000000000000000e+00
1.229527104959630968e-01 3.875432525951557072e-01 6.572087658592848936e-01 1.000000000000000000e+00
1.207996924259900073e-01 3.833910034602076577e-01 6.514417531718570409e-01 1.000000000000000000e+00
1.186466743560169318e-01 3.792387543252595528e-01 6.456747404844290772e-01 1.000000000000000000e+00
1.164936562860438424e-01 3.750865051903114478e-01 6.399077277970012245e-01 1.000000000000000000e+00
1.143406382160707530e-01 3.709342560553633428e-01 6.341407151095732608e-01 1.000000000000000000e+00
1.121876201460977329e-01 3.667820069204153488e-01 6.283737024221455192e-01 1.000000000000000000e+00
1.100346020761245741e-01 3.626297577854671328e-01 6.226066897347174445e-01 1.000000000000000000e+00
1.078815840061514986e-01 3.584775086505190278e-01 6.168396770472894808e-01 1.000000000000000000e+00
1.057285659361784091e-01 3.543252595155709228e-01 6.110726643598616281e-01 1.000000000000000000e+00
1.035755478662053197e-01 3.501730103806228733e-01 6.053056516724336644e-01 1.000000000000000000e+00
1.014225297962322303e-01 3.460207612456747683e-01 5.995386389850058118e-01 1.000000000000000000e+00
9.926951172625914088e-02 3.418685121107266633e-01 5.937716262975778481e-01 1.000000000000000000e+00
9.711649365628605146e-02 3.377162629757785584e-01 5.880046136101499954e-01 1.000000000000000000e+00
9.496347558631296204e-02 3.335640138408304534e-01 5.822376009227220317e-01 1.000000000000000000e+00
9.281045751633987262e-02 3.294117647058824039e-01 5.764705882352941790e-01 1.000000000000000000e+00
9.065743944636678320e-02 3.252595155709342434e-01 5.707035755478662153e-01 1.000000000000000000e+00
8.850442137639369378e-02 3.211072664359861939e-01 5.649365628604383627e-01 1.000000000000000000e+00
8.635140330642061823e-02 3.169550173010380889e-01 5.591695501730103990e-01 1.000000000000000000e+00
8.419838523644752881e-02 3.128027681660899839e-01 5.534025374855824353e-01 1.000000000000000000e+00
8.204536716647443939e-02 3.086505190311418789e-01 5.476355247981545826e-01 1.000000000000000000e+00
7.989234909650134997e-02 3.044982698961937739e-01 5.418685121107266189e-01 1.000000000000000000e+00
7.773933102652832994e-02 3.003460207612458355e-01 5.361014994232988773e-01 1.000000000000000000e+00
7.558631295655518501e-02 2.961937716262975639e-01 5.303344867358708026e-01 1.000000000000000000e+00
7.343329488658209558e-02 2.920415224913495145e-01 5.245674740484429499e-01 1.000000000000000000e+00
7.128027681660900616e-02 2.878892733564014095e-01 5.188004613610149862e-01 1.000000000000000000e+00
6.912725874663591674e-02 2.837370242214533045e-01 5.130334486735870225e-01 1.000000000000000000e+00
6.697424067666282732e-02 2.795847750865051995e-01 5.072664359861591699e-01 1.000000000000000000e+00
6.482122260668973790e-02 2.754325259515570945e-01 5.014994232987313172e-01 1.000000000000000000e+00
6.266820453671666236e-02 2.712802768166090450e-01 4.957324106113033535e-01 1.000000000000000000e+00
6.051518646674355906e-02 2.671280276816608845e-01 4.899653979238754453e-01 1.000000000000000000e+00
5.836216839677046964e-02 2.629757785467128350e-01 4.841983852364475371e-01 1.000000000000000000e+00
5.620915032679739409e-02 2.588235294117647300e-01 4.784313725490196290e-01 1.000000000000000000e+00
5.405613225682430467e-02 2.546712802768166251e-01 4.726643598615917208e-01 1.000000000000000000e+00
5.190311418685121525e-02 2.505190311418685201e-01 4.668973471741637571e-01 1.000000000000000000e+00
4.975009611687812583e-02 2.463667820069204151e-01 4.611303344867359044e-01 1.000000000000000000e+00
4.759707804690503641e-02 2.422145328719723101e-01 4.553633217993079407e-01 1.000000000000000000e+00
4.544405997693196086e-02 2.380622837370242328e-01 4.495963091118800881e-01 1.000000000000000000e+00
4.329104190695892695e-02 2.339100346020762389e-01 4.438292964244522909e-01 1.000000000000000000e+00
4.113802383698576814e-02 2.297577854671280229e-01 4.380622837370242162e-01 1.000000000000000000e+00
3.898500576701269260e-02 2.256055363321799456e-01 4.322952710495963080e-01 1.000000000000000000e+00
3.683198769703960318e-02 2.214532871972318406e-01 4.265282583621683998e-01 1.000000000000000000e+00
3.467896962706651376e-02 2.173010380622837356e-01 4.207612456747404361e-01 1.000000000000000000e+00
3.252595155709342434e-02 2.131487889273356584e-01 4.149942329873125835e-01 1.000000000000000000e+00
3.037293348712033492e-02 2.089965397923875534e-01 4.092272202998846198e-01 1.000000000000000000e+00
2.821991541714725937e-02 2.048442906574394484e-01 4.034602076124567671e-01 1.000000000000000000e+00
2.606689734717416995e-02 2.006920415224913434e-01 3.976931949250288034e-01 1.000000000000000000e+00
2.391387927720108053e-02 1.965397923875432384e-01 3.919261822376008952e-01 1.000000000000000000e+00
2.176086120722799111e-02 1.923875432525951612e-01 3.861591695501729871e-01 1.000000000000000000e+00
1.960784313725490169e-02 1.882352941176470562e-01 3.803921568627450789e-01 1.000000000000000000e+00
